3547029.909 5608294.595 381.364 312.000
3548029.909 5608294.595 433.857 312.000
3545029.909 5607294.595 251.611 211.000
3546029.909 5607294.595 279.275 231.000
3547029.909 5607294.595 340.427 312.000
3548029.909 5607294.595 411.522 312.000
3545029.909 5606294.595 343.858 313.000
3546029.909 5606294.595 249.668 211.000
3547029.909 5606294.595 299.705 312.000
3548029.909 5606294.595 383.348 312.000
3549029.909 5606294.595 399.145 312.000
3545029.909 5605294.595 298.434 231.000
3546029.909 5605294.595 276.250 112.000
3547029.909 5605294.595 358.371 312.000
3548029.909 5605294.595 298.417 312.000
3549029.909 5605294.595 340.541 312.000
3544029.909 5604294.595 314.186 211.000
3545029.909 5604294.595 249.878 231.000
3546029.909 5604294.595 320.414 112.000
3547029.909 5604294.595 332.443 112.000
3548029.909 5604294.595 268.431 211.000
3549029.909 5604294.595 310.573 211.000
3550029.909 5604294.595 344.795 211.000
3544029.909 5603294.595 296.680 211.000
3545029.909 5603294.595 255.266 112.000
3546029.909 5603294.595 243.878 231.000
3547029.909 5603294.595 260.732 141.000
3548029.909 5603294.595 279.075 112.000
3549029.909 5603294.595 299.653 112.000
3550029.909 5603294.595 336.793 112.000
3544029.909 5602294.595 351.750 211.000
3545029.909 5602294.595 296.966 211.000
3546029.909 5602294.595 288.830 112.000
3547029.909 5602294.595 257.983 112.000
3548029.909 5602294.595 266.767 141.000
3549029.909 5602294.595 287.315 142.000
3550029.909 5602294.595 333.359 112.000
3551029.909 5602294.595 356.645 121.000
3552029.909 5602294.595 342.115 211.000
3543029.909 5601294.595 378.856 311.000
3544029.909 5601294.595 288.803 211.000
3545029.909 5601294.595 278.007 211.000
3546029.909 5601294.595 290.704 211.000
3547029.909 5601294.595 253.192 112.000
3548029.909 5601294.595 256.550 112.000
3549029.909 5601294.595 277.728 122.000
3550029.909 5601294.595 314.551 112.000
3551029.909 5601294.595 306.377 243.000
3552029.909 5601294.595 349.525 243.000
3540029.909 5600294.595 392.722 313.000
3541029.909 5600294.595 351.178 231.000
3542029.909 5600294.595 323.366 211.000
3543029.909 5600294.595 306.267 211.000
3544029.909 5600294.595 317.800 211.000
3545029.909 5600294.595 297.256 211.000
3546029.909 5600294.595 285.875 112.000
3547029.909 5600294.595 254.611 231.000
3548029.909 5600294.595 256.816 112.000
3549029.909 5600294.595 277.425 112.000
3550029.909 5600294.595 291.541 112.000
3551029.909 5600294.595 332.302 211.000
3552029.909 5600294.595 351.860 242.000
3540029.909 5599294.595 406.351 312.000
3541029.909 5599294.595 342.351 231.000
3542029.909 5599294.595 395.648 312.000
3543029.909 5599294.595 326.137 211.000
3544029.909 5599294.595 292.910 231.000
3545029.909 5599294.595 299.670 231.000
3546029.909 5599294.595 291.024 231.000
3547029.909 5599294.595 264.471 211.000
3548029.909 5599294.595 254.459 112.000
3549029.909 5599294.595 281.441 211.000
3550029.909 5599294.595 307.879 242.000
3551029.909 5599294.595 318.824 211.000
3552029.909 5599294.595 355.161 112.000
3553029.909 5599294.595 345.782 211.000
3554029.909 5599294.595 367.595 313.000
3556029.909 5599294.595 381.538 242.000
3557029.909 5599294.595 421.764 243.000
3540029.909 5598294.595 413.733 312.000
3541029.909 5598294.595 401.293 313.000
3542029.909 5598294.595 338.988 313.000
3543029.909 5598294.595 293.650 211.000
3544029.909 5598294.595 305.777 211.000
3545029.909 5598294.595 277.780 112.000
3546029.909 5598294.595 271.019 112.000
3547029.909 5598294.595 278.496 211.000
3548029.909 5598294.595 257.354 231.000
3549029.909 5598294.595 308.697 313.000
3550029.909 5598294.595 289.196 112.000
3551029.909 5598294.595 300.378 311.000
3552029.909 5598294.595 330.236 112.000
3553029.909 5598294.595 353.050 211.000
3554029.909 5598294.595 360.208 242.000
3555029.909 5598294.595 362.098 231.000
3556029.909 5598294.595 374.135 231.000
3557029.909 5598294.595 410.999 243.000
3558029.909 5598294.595 449.936 231.000
3564029.909 5598294.595 630.157 231.000
3565029.909 5598294.595 759.250 231.000
3539029.909 5597294.595 440.200 312.000
3540029.909 5597294.595 391.471 242.000
3541029.909 5597294.595 314.636 242.000
3542029.909 5597294.595 368.290 312.000
3543029.909 5597294.595 361.378 312.000
3544029.909 5597294.595 311.843 211.000
3545029.909 5597294.595 292.202 211.000
3546029.909 5597294.595 328.956 211.000
3547029.909 5597294.595 305.258 231.000
3548029.909 5597294.595 261.449 211.000
3549029.909 5597294.595 292.725 211.000
3550029.909 5597294.595 304.509 211.000
3551029.909 5597294.595 331.794 211.000
3552029.909 5597294.595 369.709 211.000
3553029.909 5597294.595 378.773 313.000
3554029.909 5597294.595 412.978 313.000
3555029.909 5597294.595 396.994 313.000
3556029.909 5597294.595 393.644 211.000
3557029.909 5597294.595 452.722 231.000
3558029.909 5597294.595 436.607 231.000
3559029.909 5597294.595 491.181 231.000
3561029.909 5597294.595 567.608 231.000
3562029.909 5597294.595 533.109 211.000
3563029.909 5597294.595 566.071 313.000
3564029.909 5597294.595 577.217 231.000
3565029.909 5597294.595 625.499 243.000
3566029.909 5597294.595 727.259 231.000
3539029.909 5596294.595 415.570 313.000
3540029.909 5596294.595 348.594 242.000
3541029.909 5596294.595 383.763 242.000
3542029.909 5596294.595 405.849 312.000
3543029.909 5596294.595 377.169 312.000
3544029.909 5596294.595 298.742 311.000
3545029.909 5596294.595 368.351 312.000
3546029.909 5596294.595 355.811 312.000
3547029.909 5596294.595 338.498 312.000
3548029.909 5596294.595 278.406 112.000
3549029.909 5596294.595 278.476 211.000
3550029.909 5596294.595 318.072 313.000
3551029.909 5596294.595 316.685 312.000
3552029.909 5596294.595 367.521 312.000
3553029.909 5596294.595 380.638 312.000
3554029.909 5596294.595 422.451 313.000
3555029.909 5596294.595 440.128 313.000
3556029.909 5596294.595 457.147 242.000
3557029.909 5596294.595 468.432 243.000
3558029.909 5596294.595 471.540 313.000
3559029.909 5596294.595 503.471 313.000
3560029.909 5596294.595 483.578 231.000
3561029.909 5596294.595 478.519 242.000
3562029.909 5596294.595 513.268 242.000
3563029.909 5596294.595 497.589 231.000
3564029.909 5596294.595 553.751 231.000
3565029.909 5596294.595 653.861 231.000
3566029.909 5596294.595 861.810 313.000
3540029.909 5595294.595 415.764 313.000
3541029.909 5595294.595 381.918 312.000
3542029.909 5595294.595 414.786 312.000
3543029.909 5595294.595 351.979 312.000
3544029.909 5595294.595 366.212 312.000
3545029.909 5595294.595 405.199 312.000
3546029.909 5595294.595 394.376 312.000
3547029.909 5595294.595 331.250 211.000
3548029.909 5595294.595 264.238 231.000
3549029.909 5595294.595 283.048 231.000
3550029.909 5595294.595 298.263 112.000
3551029.909 5595294.595 296.889 211.000
3552029.909 5595294.595 316.309 311.000
3553029.909 5595294.595 339.991 231.000
3554029.909 5595294.595 398.311 312.000
3555029.909 5595294.595 354.163 313.000
3556029.909 5595294.595 420.684 242.000
3557029.909 5595294.595 400.221 211.000
3558029.909 5595294.595 457.384 211.000
3559029.909 5595294.595 406.647 211.000
3560029.909 5595294.595 410.579 231.000
3561029.909 5595294.595 444.180 243.000
3562029.909 5595294.595 470.229 231.000
3563029.909 5595294.595 529.649 231.000
3564029.909 5595294.595 585.355 231.000
3565029.909 5595294.595 749.001 322.000
3566029.909 5595294.595 804.079 321.000
3567029.909 5595294.595 803.232 321.000
3540029.909 5594294.595 435.596 313.000
3541029.909 5594294.595 391.845 312.000
3542029.909 5594294.595 418.467 312.000
3543029.909 5594294.595 401.571 312.000
3544029.909 5594294.595 369.840 312.000
3545029.909 5594294.595 346.825 312.000
3546029.909 5594294.595 338.457 312.000
3547029.909 5594294.595 266.242 231.000
3548029.909 5594294.595 281.711 211.000
3549029.909 5594294.595 313.974 211.000
3550029.909 5594294.595 284.361 231.000
3551029.909 5594294.595 301.850 121.000
3552029.909 5594294.595 326.432 211.000
3553029.909 5594294.595 358.576 211.000
3554029.909 5594294.595 382.086 211.000
3555029.909 5594294.595 348.764 211.000
3556029.909 5594294.595 367.656 211.000
3557029.909 5594294.595 356.302 231.000
3558029.909 5594294.595 380.691 231.000
3559029.909 5594294.595 434.353 231.000
3560029.909 5594294.595 480.857 231.000
3561029.909 5594294.595 506.678 231.000
3562029.909 5594294.595 499.079 243.000
3563029.909 5594294.595 539.667 211.000
3564029.909 5594294.595 599.259 231.000
3565029.909 5594294.595 696.502 311.000
3566029.909 5594294.595 835.894 313.000
3567029.909 5594294.595 693.794 231.000
3568029.909 5594294.595 773.251 312.000
3535029.909 5593294.595 482.404 312.000
3536029.909 5593294.595 448.753 312.000
3537029.909 5593294.595 427.820 313.000
3538029.909 5593294.595 380.250 313.000
3539029.909 5593294.595 407.058 313.000
3540029.909 5593294.595 385.461 311.000
3541029.909 5593294.595 343.459 312.000
3542029.909 5593294.595 375.092 313.000
3543029.909 5593294.595 323.348 312.000
3544029.909 5593294.595 314.203 312.000
3545029.909 5593294.595 286.680 211.000
3546029.909 5593294.595 280.181 211.000
3547029.909 5593294.595 273.244 211.000
3548029.909 5593294.595 275.261 211.000
3549029.909 5593294.595 305.262 312.000
3550029.909 5593294.595 331.864 211.000
3551029.909 5593294.595 327.741 112.000
3552029.909 5593294.595 302.844 231.000
3553029.909 5593294.595 306.092 231.000
3554029.909 5593294.595 322.256 211.000
3555029.909 5593294.595 345.124 211.000
3556029.909 5593294.595 381.464 211.000
3557029.909 5593294.595 401.992 242.000
3558029.909 5593294.595 454.186 313.000
3559029.909 5593294.595 518.858 211.000
3560029.909 5593294.595 562.906 313.000
3561029.909 5593294.595 603.032 231.000
3562029.909 5593294.595 611.923 231.000
3563029.909 5593294.595 629.053 312.000
3564029.909 5593294.595 566.531 312.000
3565029.909 5593294.595 608.630 231.000
3566029.909 5593294.595 724.333 231.000
3567029.909 5593294.595 619.471 231.000
3568029.909 5593294.595 786.601 231.000
3569029.909 5593294.595 811.296 321.000
3533029.909 5592294.595 470.399 231.000
3534029.909 5592294.595 431.366 211.000
3535029.909 5592294.595 462.396 313.000
3536029.909 5592294.595 397.040 313.000
3537029.909 5592294.595 344.249 313.000
3538029.909 5592294.595 402.279 313.000
3539029.909 5592294.595 399.373 313.000
3540029.909 5592294.595 344.163 324.000
3541029.909 5592294.595 297.450 312.000
3542029.909 5592294.595 306.517 132.000
3543029.909 5592294.595 341.929 211.000
3544029.909 5592294.595 285.171 231.000
3545029.909 5592294.595 270.136 231.000
3546029.909 5592294.595 268.954 231.000
3547029.909 5592294.595 290.496 211.000
3548029.909 5592294.595 285.993 112.000
3549029.909 5592294.595 357.664 231.000
3550029.909 5592294.595 303.335 112.000
3551029.909 5592294.595 322.514 211.000
3552029.909 5592294.595 406.025 312.000
3553029.909 5592294.595 362.273 312.000
3554029.909 5592294.595 332.350 231.000
3555029.909 5592294.595 353.484 211.000
3556029.909 5592294.595 423.768 312.000
3557029.909 5592294.595 468.170 312.000
3558029.909 5592294.595 544.323 231.000
3559029.909 5592294.595 605.441 243.000
3560029.909 5592294.595 527.947 312.000
3561029.909 5592294.595 569.446 313.000
3562029.909 5592294.595 494.620 312.000
3563029.909 5592294.595 634.370 231.000
3564029.909 5592294.595 538.435 231.000
3565029.909 5592294.595 528.549 231.000
3566029.909 5592294.595 610.249 231.000
3567029.909 5592294.595 629.701 231.000
3568029.909 5592294.595 705.139 313.000
3569029.909 5592294.595 808.417 321.000
3532029.909 5591294.595 471.757 211.000
3533029.909 5591294.595 459.688 231.000
3534029.909 5591294.595 459.052 231.000
3535029.909 5591294.595 455.727 243.000
3536029.909 5591294.595 471.763 311.000
3537029.909 5591294.595 442.492 311.000
3538029.909 5591294.595 366.549 313.000
3539029.909 5591294.595 309.280 211.000
3540029.909 5591294.595 349.334 211.000
3541029.909 5591294.595 336.481 211.000
3542029.909 5591294.595 308.701 231.000
3543029.909 5591294.595 276.615 211.000
3544029.909 5591294.595 274.210 112.000
3545029.909 5591294.595 308.996 211.000
3546029.909 5591294.595 307.442 313.000
3547029.909 5591294.595 316.223 313.000
3548029.909 5591294.595 314.673 242.000
3549029.909 5591294.595 386.393 311.000
3550029.909 5591294.595 460.779 311.000
3551029.909 5591294.595 304.738 312.000
3552029.909 5591294.595 383.673 311.000
3553029.909 5591294.595 409.342 312.000
3554029.909 5591294.595 411.019 312.000
3555029.909 5591294.595 336.747 211.000
3556029.909 5591294.595 345.214 112.000
3557029.909 5591294.595 415.809 242.000
3558029.909 5591294.595 412.692 231.000
3559029.909 5591294.595 450.885 313.000
3560029.909 5591294.595 438.043 242.000
3561029.909 5591294.595 409.053 242.000
3562029.909 5591294.595 440.806 231.000
3563029.909 5591294.595 477.220 231.000
3564029.909 5591294.595 457.355 231.000
3565029.909 5591294.595 504.470 231.000
3566029.909 5591294.595 520.302 231.000
3567029.909 5591294.595 538.220 231.000
3568029.909 5591294.595 632.861 313.000
3569029.909 5591294.595 782.283 312.000
3532029.909 5590294.595 478.875 231.000
3534029.909 5590294.595 487.264 211.000
3535029.909 5590294.595 474.656 231.000
3536029.909 5590294.595 461.900 231.000
3537029.909 5590294.595 424.901 311.000
3538029.909 5590294.595 460.741 311.000
3539029.909 5590294.595 379.707 312.000
3540029.909 5590294.595 335.096 313.000
3541029.909 5590294.595 287.412 231.000
3542029.909 5590294.595 276.361 211.000
3543029.909 5590294.595 276.578 231.000
3544029.909 5590294.595 274.958 112.000
3545029.909 5590294.595 325.066 313.000
3546029.909 5590294.595 371.419 312.000
3547029.909 5590294.595 398.221 313.000
3548029.909 5590294.595 326.906 242.000
3549029.909 5590294.595 340.420 311.000
3550029.909 5590294.595 427.134 313.000
3551029.909 5590294.595 363.881 313.000
3552029.909 5590294.595 311.250 211.000
3553029.909 5590294.595 378.859 313.000
3554029.909 5590294.595 404.843 312.000
3555029.909 5590294.595 367.222 231.000
3556029.909 5590294.595 407.874 231.000
3557029.909 5590294.595 427.081 231.000
3558029.909 5590294.595 451.176 243.000
3559029.909 5590294.595 446.721 313.000
3560029.909 5590294.595 565.322 313.000
3561029.909 5590294.595 543.998 311.000
3562029.909 5590294.595 608.349 311.000
3563029.909 5590294.595 679.211 311.000
3564029.909 5590294.595 512.390 231.000
3565029.909 5590294.595 561.920 231.000
3566029.909 5590294.595 525.428 231.000
3567029.909 5590294.595 663.548 211.000
3568029.909 5590294.595 638.685 322.000
3569029.909 5590294.595 798.590 312.000
3535029.909 5589294.595 498.437 311.000
3536029.909 5589294.595 440.210 243.000
3537029.909 5589294.595 408.955 313.000
3538029.909 5589294.595 364.217 312.000
3539029.909 5589294.595 307.454 313.000
3540029.909 5589294.595 329.191 313.000
3541029.909 5589294.595 298.930 211.000
3542029.909 5589294.595 292.218 211.000
3543029.909 5589294.595 278.038 211.000
3544029.909 5589294.595 292.357 211.000
3545029.909 5589294.595 291.625 231.000
3546029.909 5589294.595 306.239 211.000
3547029.909 5589294.595 360.351 313.000
3548029.909 5589294.595 363.431 312.000
3549029.909 5589294.595 415.109 313.000
3550029.909 5589294.595 411.673 211.000
3551029.909 5589294.595 393.996 211.000
3552029.909 5589294.595 353.300 231.000
3553029.909 5589294.595 374.008 312.000
3554029.909 5589294.595 386.483 312.000
3555029.909 5589294.595 386.409 112.000
3556029.909 5589294.595 444.709 313.000
3557029.909 5589294.595 453.245 231.000
3558029.909 5589294.595 428.275 231.000
3559029.909 5589294.595 417.792 231.000
3560029.909 5589294.595 441.083 231.000
3561029.909 5589294.595 496.207 313.000
3562029.909 5589294.595 568.857 311.000
3563029.909 5589294.595 629.466 231.000
3564029.909 5589294.595 627.032 312.000
3565029.909 5589294.595 550.255 231.000
3566029.909 5589294.595 656.721 231.000
3567029.909 5589294.595 662.912 313.000
3568029.909 5589294.595 665.557 231.000
3534029.909 5588294.595 475.085 313.000
3535029.909 5588294.595 467.051 311.000
3536029.909 5588294.595 384.530 242.000
3537029.909 5588294.595 338.471 231.000
3538029.909 5588294.595 317.867 231.000
3539029.909 5588294.595 304.830 231.000
3540029.909 5588294.595 304.409 242.000
3541029.909 5588294.595 317.589 242.000
3542029.909 5588294.595 293.977 211.000
3543029.909 5588294.595 279.118 211.000
3544029.909 5588294.595 323.577 211.000
3545029.909 5588294.595 316.035 211.000
3546029.909 5588294.595 311.585 211.000
3547029.909 5588294.595 441.719 313.000
3548029.909 5588294.595 404.753 313.000
3549029.909 5588294.595 431.347 231.000
3550029.909 5588294.595 470.166 311.000
3551029.909 5588294.595 389.481 231.000
3552029.909 5588294.595 384.114 313.000
3553029.909 5588294.595 344.841 231.000
3554029.909 5588294.595 374.576 211.000
3555029.909 5588294.595 391.820 231.000
3556029.909 5588294.595 455.896 211.000
3557029.909 5588294.595 501.185 231.000
3558029.909 5588294.595 545.967 313.000
3559029.909 5588294.595 590.026 312.000
3560029.909 5588294.595 533.262 313.000
3561029.909 5588294.595 588.757 313.000
3562029.909 5588294.595 547.607 313.000
3563029.909 5588294.595 522.178 231.000
3564029.909 5588294.595 642.286 231.000
3565029.909 5588294.595 616.206 231.000
3566029.909 5588294.595 646.020 231.000
3568029.909 5588294.595 783.344 313.000
3535029.909 5587294.595 407.379 231.000
3536029.909 5587294.595 381.128 231.000
3537029.909 5587294.595 399.906 312.000
3538029.909 5587294.595 354.548 211.000
3539029.909 5587294.595 324.472 211.000
3540029.909 5587294.595 303.973 112.000
3541029.909 5587294.595 312.550 243.000
3542029.909 5587294.595 338.424 211.000
3543029.909 5587294.595 316.088 211.000
3544029.909 5587294.595 293.134 211.000
3545029.909 5587294.595 305.642 231.000
3546029.909 5587294.595 328.043 112.000
3547029.909 5587294.595 425.919 132.000
3548029.909 5587294.595 435.666 313.000
3549029.909 5587294.595 463.425 313.000
3550029.909 5587294.595 454.370 313.000
3551029.909 5587294.595 415.669 313.000
3552029.909 5587294.595 402.962 313.000
3553029.909 5587294.595 462.313 211.000
3554029.909 5587294.595 362.601 231.000
3555029.909 5587294.595 440.725 231.000
3556029.909 5587294.595 531.399 312.000
3557029.909 5587294.595 668.596 313.000
3558029.909 5587294.595 603.131 313.000
3559029.909 5587294.595 673.214 112.000
3560029.909 5587294.595 586.605 313.000
3561029.909 5587294.595 691.762 313.000
3562029.909 5587294.595 676.176 313.000
3563029.909 5587294.595 600.121 321.000
3564029.909 5587294.595 652.929 313.000
3565029.909 5587294.595 701.324 313.000
3535029.909 5586294.595 452.490 242.000
3536029.909 5586294.595 404.132 242.000
3537029.909 5586294.595 348.090 312.000
3538029.909 5586294.595 341.719 242.000
3539029.909 5586294.595 312.675 242.000
3540029.909 5586294.595 327.738 242.000
3541029.909 5586294.595 336.121 112.000
3542029.909 5586294.595 358.641 231.000
3543029.909 5586294.595 321.970 231.000
3544029.909 5586294.595 383.832 243.000
3545029.909 5586294.595 352.838 231.000
3546029.909 5586294.595 360.928 231.000
3547029.909 5586294.595 408.774 132.000
3548029.909 5586294.595 445.098 231.000
3549029.909 5586294.595 456.378 231.000
3550029.909 5586294.595 446.026 313.000
3551029.909 5586294.595 480.477 313.000
3552029.909 5586294.595 375.104 112.000
3553029.909 5586294.595 397.784 231.000
3554029.909 5586294.595 378.867 231.000
3555029.909 5586294.595 512.470 312.000
3556029.909 5586294.595 634.538 312.000
3557029.909 5586294.595 691.538 313.000
3558029.909 5586294.595 688.159 313.000
3559029.909 5586294.595 781.491 313.000
3560029.909 5586294.595 700.123 313.000
3561029.909 5586294.595 713.160 313.000
3562029.909 5586294.595 722.117 311.000
3563029.909 5586294.595 695.257 313.000
3564029.909 5586294.595 742.462 313.000
3535029.909 5585294.595 392.030 231.000
3536029.909 5585294.595 378.272 231.000
3537029.909 5585294.595 358.901 231.000
3538029.909 5585294.595 386.125 312.000
3539029.909 5585294.595 330.605 231.000
3540029.909 5585294.595 331.479 231.000
3541029.909 5585294.595 327.426 112.000
3542029.909 5585294.595 347.009 231.000
3543029.909 5585294.595 379.439 231.000
3544029.909 5585294.595 398.536 313.000
3545029.909 5585294.595 412.267 231.000
3546029.909 5585294.595 416.054 231.000
3547029.909 5585294.595 428.447 231.000
3548029.909 5585294.595 413.731 231.000
3549029.909 5585294.595 456.472 231.000
3550029.909 5585294.595 502.752 313.000
3551029.909 5585294.595 469.867 312.000
3552029.909 5585294.595 413.215 231.000
3553029.909 5585294.595 523.595 312.000
3554029.909 5585294.595 415.215 231.000
3555029.909 5585294.595 441.363 231.000
3556029.909 5585294.595 511.357 313.000
3557029.909 5585294.595 533.153 313.000
3558029.909 5585294.595 547.788 313.000
3559029.909 5585294.595 738.042 321.000
3560029.909 5585294.595 799.264 321.000
3561029.909 5585294.595 783.738 313.000
3562029.909 5585294.595 832.983 324.000
3563029.909 5585294.595 794.201 313.000
3535029.909 5584294.595 407.081 231.000
3536029.909 5584294.595 437.298 243.000
3537029.909 5584294.595 388.662 211.000
3538029.909 5584294.595 341.454 231.000
3539029.909 5584294.595 349.936 231.000
3540029.909 5584294.595 405.690 231.000
3541029.909 5584294.595 398.520 231.000
3542029.909 5584294.595 383.546 311.000
3543029.909 5584294.595 438.742 231.000
3544029.909 5584294.595 411.428 231.000
3545029.909 5584294.595 420.148 231.000
3546029.909 5584294.595 504.367 211.000
3547029.909 5584294.595 519.766 231.000
3548029.909 5584294.595 443.781 231.000
3549029.909 5584294.595 523.640 231.000
3550029.909 5584294.595 498.756 312.000
3551029.909 5584294.595 509.140 311.000
3552029.909 5584294.595 415.400 312.000
3553029.909 5584294.595 511.304 312.000
3554029.909 5584294.595 544.528 231.000
3555029.909 5584294.595 439.232 211.000
3556029.909 5584294.595 479.385 211.000
3557029.909 5584294.595 494.461 312.000
3558029.909 5584294.595 549.399 312.000
3559029.909 5584294.595 721.678 313.000
3538029.909 5583294.595 374.298 231.000
3539029.909 5583294.595 381.349 231.000
3540029.909 5583294.595 444.837 313.000
3541029.909 5583294.595 457.601 211.000
3542029.909 5583294.595 457.016 211.000
3543029.909 5583294.595 477.434 211.000
3544029.909 5583294.595 508.490 311.000
3545029.909 5583294.595 448.456 231.000
3546029.909 5583294.595 462.137 112.000
3547029.909 5583294.595 481.810 243.000
3548029.909 5583294.595 531.264 311.000
3549029.909 5583294.595 547.125 231.000
3550029.909 5583294.595 513.594 242.000
3551029.909 5583294.595 454.934 112.000
3552029.909 5583294.595 435.461 231.000
3553029.909 5583294.595 520.388 311.000
3550029.909 5582294.595 581.993 311.000
3551029.909 5582294.595 448.390 242.000
3552029.909 5582294.595 477.127 312.000
3553029.909 5582294.595 562.929 312.000
